A
11
7
10
33
29
27
25
8
10
33
29
27
25
8
10
16
15
19
14
23
13
30
29
27
25
30
29
27
24
42
37
9
30
29
27
25
35
9
10
7
30
29
27
25
35
9
30
29
27
25
33
29
27
24
30
29
27
25
35
5
23
22
22
22
22
22
6
30
29
27
25
30
29
27
24
42
37
9
30
29
27
25
33
29
27
24
30
29
27
25
35
5
30
29
27
25
35
9
10
7
30
29
27
25
35
9
23
22
22
22
22
22
6
30
29
27
25
30
29
27
24
10
7
30
29
27
25
35
9
30
29
27
25
33
29
27
24
30
29
27
25
35
5
30
29
27
25
35
9
42
37
9
30
29
27
25
30
29
27
24
30
29
27
25
35
9
23
22
6
23
22
22
22
22
22
22
6
30
29
27
25
30
29
27
24
30
29
27
25
33
29
27
24
30
29
27
25
35
5
30
29
27
25
35
9
30
29
27
25
35
9
42
37
9
23
22
22
22
22
6
30
29
27
25
30
29
27
24
30
29
27
25
35
9
23
22
6
30
29
27
25
34
29
27
25
31
29
27
25
38
9
23
22
6
4
2
2
2
2
2
2
3
2
2
2
1
